{
 "cells": [
  {
   "cell_type": "markdown",
   "metadata": {},
   "source": [
    "# Expectation-maximization algorithm"
   ]
  },
  {
   "cell_type": "markdown",
   "metadata": {},
   "source": [
    "In this assignment, we will derive and implement formulas for Gaussian Mixture Model — one of the most commonly used methods for performing soft clustering of the data. "
   ]
  },
  {
   "cell_type": "markdown",
   "metadata": {},
   "source": [
    "### Installation\n",
    "\n",
    "We will need ```numpy```, ```scikit-learn```, ```matplotlib``` libraries for this assignment"
   ]
  },
  {
   "cell_type": "code",
   "execution_count": 1,
   "metadata": {},
   "outputs": [],
   "source": [
    "import numpy as np\n",
    "from numpy.linalg import slogdet, det, solve\n",
    "import matplotlib.pyplot as plt\n",
    "import time\n",
    "from sklearn.datasets import load_digits\n",
    "from grader import Grader\n",
    "import pandas as pd\n",
    "from scipy.stats import multivariate_normal\n",
    "%matplotlib inline"
   ]
  },
  {
   "cell_type": "markdown",
   "metadata": {},
   "source": [
    "### Grading\n",
    "We will create a grader instance below and use it to collect your answers. Note that these outputs will be stored locally inside grader and will be uploaded to the platform only after running submitting function in the last part of this assignment. If you want to make a partial submission, you can run that cell anytime you want."
   ]
  },
  {
   "cell_type": "code",
   "execution_count": 2,
   "metadata": {},
   "outputs": [],
   "source": [
    "grader = Grader()"
   ]
  },
  {
   "cell_type": "markdown",
   "metadata": {},
   "source": [
    "## Implementing EM for GMM"
   ]
  },
  {
   "cell_type": "markdown",
   "metadata": {},
   "source": [
    "For debugging we will use samples from gaussian mixture model with unknown mean, variance and priors. We also added inital values of parameters for grading purposes."
   ]
  },
  {
   "cell_type": "code",
   "execution_count": 22,
   "metadata": {},
   "outputs": [
    {
     "data": {
      "image/png": "iVBORw0KGgoAAAANSUhEUgAAAXYAAAD8CAYAAABjAo9vAAAABHNCSVQICAgIfAhkiAAAAAlwSFlz\nAAALEgAACxIB0t1+/AAAADl0RVh0U29mdHdhcmUAbWF0cGxvdGxpYiB2ZXJzaW9uIDIuMS4wLCBo\ndHRwOi8vbWF0cGxvdGxpYi5vcmcvpW3flQAAIABJREFUeJztnX1sZNd53p93huRq5MR0Cm3cRBK7\nC5RIYHlK2Bq4TgykAcYtzKzotYmgcAsbidNiUaBJzMDBwnaALva/AA3SMZAgxcJ2ksJC0kDhck2v\nmdhhGxT9w4K5ktmJpKQ0LIheRY4VGGECe7r8evsHeUd37tx77rn3npn79fwAQbvzce4hd+a573nO\n+75HVBWEEEKqQyPvCRBCCHELhZ0QQioGhZ0QQioGhZ0QQioGhZ0QQioGhZ0QQioGhZ0QQioGhZ0Q\nQioGhZ0QQirGTB4XfeSRR/TSpUt5XJoQQkrLvXv3/lZVL8a9Lhdhv3TpEnZ2dvK4NCGElBYRecXm\ndbRiCCGkYlDYCSGkYlDYCSGkYlDYCSGkYlDYCSGkYlDYCSGkYuSS7kjKSb/fx/b2Ng4ODjA/P49u\nt4t2u533tAghAZwIu4j8CoB/D0AB9AF8VFX/n4uxSTHo9/vY3NzE0dERAODg4ACbm5sAgHa7TdEn\npEBkFnYReRTALwN4m6oOROSPAHwIwO9lHZsUh+3t7aGoexwdHWF7exsAjKJPCJkurqyYGQAtETkC\n8DCAv3Y0LikIBwcHkY+bRN8v7IzqCZkOmYVdVV8Vkd8AsA9gAODLqvrl4OtE5BqAawCwsLCQ9bJk\nyszPz4eKe9TjwOjNIMrK2d/fxwsvvIDBYAAAaLVaWF5epuATkoHMWTEi8kMArgK4DOBHAbxJRD4c\nfJ2q3lLVjqp2Ll6M7WFDCka328Xs7OzIY7Ozs+h2u5ifnw99j//xqKh+Z2dnKOoAMBgMcOfOHfT7\nfYezJ6ReuEh3fC+Al1X1dVU9ArAO4CcdjEsKRLvdxsrKylCs5+fnsbKygna7bRR9j6ioPoyTk5Oh\nd08ISY4Lj30fwLtF5GGcWTFdAGzdWEHa7XaoReI9ZvLPTZZNGEleSwgZxYXH/qyIPAPgOQDHAJ4H\ncCvruKRc+EXf2yRdX1+HiEBV0Wq10Gg0cHp6ajVelL1DCInHSeWpqt5Q1R9X1ber6kdU9YGLcUn5\n8DZJvYhbVQGceeciglarBeBMuDudDhqN8Y9gs9kcsXEIIclg5SlxStgmqcfJyQnm5uZw/fr14WML\nCwvY2tpiVgwhDqGwE6fEeePB56N8e0JIeijsxIp+v28VWcdtkorIROcJsBCKEAo7GSMojIuLi3ju\nuedGNj69fHNgtG1At9sdKUQKoqro9XqxoptWnON62hBSB9i2l4wQ3Pw8ODjAzs5OaDZLWL65l+9u\nisz9Y29ubo4VI4XNIex1YcT1tCGkDlDYyQimzc8wwmyXdruND37wg2NFS2GEiW4WcbZpb0BI1aGw\nkxGSCmBUvrlN5B52zX6/n0mcbdobEFJ1KOxkhKQCeHh4GGmRtNvtYR67CU/8PQsmy9xs2hsQUnW4\neUpGiNv8DOJtonoZM8GNTptWAp74m2wgW3G2aW9ASNWhsJMRwoTx8PBwpANjkJOTk+HzwSwUmxuF\nF4mbbgBewzHbnyGsvQFFntQFWjEklieeeMJqI9TDv9EZ7AoZxB+Jm/zxNGKcJbuGkDLDiJ2MEJYH\nvru7i6WlJezt7VlvrvpfFxZBh9kkYdF9Fn/c9mQnQqoGhZ2MECWGe3t76Ha72NjYsOrQaMqWiRLV\nOH88adESUx9JXaGwkxHizja1bbt7cHCAXq83FF/blgRRwp+motR0nB8hVYbCTkawPcPU5n3+c02f\nf/55nJycDJ8bDAbY2NgAAKuIPI2t4traIaQscPOUjGASvahio/n5eaytrYVGwkdHR7h3796IqHuc\nnp4ON1njNjrT3GxMx/kRUmUYsZMR2u021tfXQ59TVczOzkZGwFEiaypS8t4TFZHfvn0bQPRKQkTQ\n7/eNvj2FnNQNRuxkDFPaoSkCjnqfqa3A/Py8sY2AqmJzcxOLi4uhKZfe80xhJOQNGLGTMUzetCkC\njipGajQaoVZMo9HA4uKisY0A8EZWzsrKCm7fvj22AmAKY/Vhj/1kUNjJGEnK8oNfuKWlJbzwwgsj\nlaphoj47O4uVlRXrbpIHBwdGm4gpjNWFPfaTQ2EvKHlHKDbedFQx08xM/Mfq4YcfNgp1EL/9Eybi\n3iHZacn7902iYaFZcijsBaQsEUrUF842AgfsmoT5N2i73S7u3Lkztgp48OCBcRPVRFl+31XD9mbK\nQrPkcPO0gBTlFKB+v49er4ebN2+i1+uNbVBm+WJ5EXhYm91GozGMwIMbtO12G3Nzc2Pj+VMnk1KU\n33edSNLHhz32k8OIvYC4jlDCIiPA7KHfvXsXOzs7I9f2io28njEiYtVvPYg/Ak/TZjeq02Ta3w8j\nwumTxF5hoVlyKOwFxGUpfJjNcOfOHajqsD1A0Hro9/sjou5xdHQ08niYqAfz3MN+hqBwJ801d90q\ngK0Hpk+Smyl77CeHwl5AXEYoYZFRWJaKP1pKakF4kbv3hfO+gEFarRbW1tYAjK4iPNsl7KCOMOJ+\nP0k3QhkRTp+kN1MWmiWDwl5AXEYoSewEv9+ZBFXF6urq8ECLVqsVatN4G5wARoTUb63YbFyG/X4W\nFxeH1w/+TMHxwoTfS71kRDgdeDOdLJLGI81Kp9PRsKU+yUaYYEVFz2F4PV96vV4icW+1Wjg+PrbK\nhrE5Lck/FxuCdpNpvLDXejn1FPLpwhTT5IjIPVXtxL2OEXtFiErZW1pawu7ubqzoNpvNkZTCMKG8\nfPky9vf3R6ycZrMJANZnpKY5qCMOmyKnuJ40zImePrRXJgeFvSKYDshYWloK3Qz1Mzc3N5JS6I0Z\nzKR55ZVXRt6nqsbzUMNotVqx70mycWlzE2i1WsaVCDNgJgcj8+lDK6bE+L8wJmyKgLzXhX3pbK9j\nS5x102w2MTc3Z72ZGmcdNZvNkSygMJJYP8QeWl9usbVinBQoichbROQZEflLEXlJRH7CxbgkmmCB\nRxS2og6EF4nYXicJg8EAS0tLw6i81WoNM2NardbIKsDmAOqwIiePVquFk5MTo6hz025ysPgrH1xZ\nMZ8G8Ceq+rMiMgfgYUfjVp60y1QbX9kTrCTRdtBvtrlOmkKl3d3dsait3++n6t5oso7iOkfSGpgs\ntL7yIbOwi8g8gJ8C8PMAoKqHAA6zjlsHsvQosYnU/YIVlzUSHNvru2LTx8V2g9ZPUKy930XUDSJu\nHmEbcb1ez6pYykuT9NImvcpain52WPyVDy4i9ssAXgfwuyKyBOAegI+p6vf8LxKRawCuAcDCwoKD\ny5afLBkapi9M0CsORrQ2eO0DTNG4X/gWFhZCo20T/rnErQzSCEHcz/r9739/pKHYwcFBaBsFgM3A\n0sJ89Xxw4bHPAHgngN9R1XcA+B6ATwRfpKq3VLWjqp2LFy86uGz5ybJMDfOVTV+YdruNtbU13Lhx\nw0okvfYBUULd6XSGN5Ber4f19fXEdox/HqafudFopBKCuJ/z6OgotAo3+Br6wenhubP54CJivw/g\nvqo+e/73ZxAi7GScLMvULNWpUXnqSdjd3R3+P804wZuQaZN3ZmYmlRC4+DkB+sFZYb769Mks7Kr6\nbRH5loj8mKr+FYAugBezT636ZF2mpv3CpLFmggQbgiUh7Ca0uLgYOd7h4WGqXuvtdhv7+/u4d+9e\nqi6U/vmS5DB/PT9cZcX8EoCnzzNivgngo47GrTR17Vp3eDi+t763t2d8T5rK0H6/j93d3UyiTj84\nHTy8JF+cCLuqfh1AbNI8GSePZapNb5Vms4lGo5HZxghjMBhgY2MDwBtf8riVQ5qVhU2qZqPRwIUL\nF4bFUHXPinEVZbN1Q76wpUANiRO8ZrOJq1evDl87CY/59PQUW1tbwy95XCFVnB0SJkhJU0Lrjsso\nO0liAC0b91DYa0icgPq/WN7BG1tbW4l7wsThjdfv90PtGY84OyRKkKJ60rB9QDguo2zbxABaNpOB\nZ57WENMZkmtra2PVoJubm85F3ePu3buh44vIcE5x6XFRggQgUUpo3XFZJWqbjsuWA5OBEXuFiVri\nJsnGsfGp/dh0bvQTlQnz0EMP4fr16yOPRf08UcIzGAyGB4BwmR+PyypR28QAthyYDBT2imKzxLUR\nvKRfMG8TMusXczAYjKQ4Rh2uDZgFiTnU9tje8G09cZvfPVsOTAYKe4kxfcHi/FKbL52po2JUqwFv\nHhsbG8aOijZ4czUdrr29vc2ydUcEb/giMmKLeP8WLj1x/ttNBnrsJSXYTjfY3tbFEtfkcz755JNG\nD9XzyLPgP/XI9BqWrbvDs+pmZ2eHN27/Z8u1J85/u8nAiL2kxEXkSbISoqJ+003gypUrWFhYCH1v\nr9eL7cFig835qN5raLm4w/TZmoQnzn8791DYS0rcF8xmiRu3rI67OUR9IV1sfPnnavLs07YbINGY\nPlv0xMsBhb0kBCNrU442MO6XeicUra+vD33puKg/if/pn1+agzeCP4N/5WBq5jUYDJj37BiTeEd9\nJhYXF4dHFNpmH7EwaXLQYy8BYX76gwcP0Gw2R14XFF2vVe/q6iqOj4/HjpszRWZeFGzjfwbnl1bU\no463C84jCPOe3RJ11KBXROb/t/AChp2dncj9njDi9ohINhixl4CwyPr09BStVgtzc3OxEU9UZG6K\nrP1RcFwUlSTX3ZTn7reE1tfXsb+/jytXrozM4+bNm6HvZd6zG/wbpMHPh7c6WllZwdramrHnUFzF\nKnvJTBYKewkwFeAEi3iSvN8UWSf5ktmKqnfzWV9ft3r9zs4OFhYWRuZAj3dyBIU67PPh/1zE3dBN\nnwsWJk0WCnsJyCpmaQuG/O8x+aG243uReBK2trZGrru4uDh2uAfznt1gu/Ly2ycmTJ9P3qAnCz32\nEpD0GDyb99vgfcni/NDFxcXEY9syGAxGrru7u4ulpSXmPU+AJCsv///DiPt8Zv1MEzOM2EtA1gM5\nwt4f9yX2f8ni/NC4QzJccnR0hL29PXZnnAA2fX78n4uobKVWq4Xl5WXj57Ouh8xMCwp7SchaxBF8\nv5eaFoZtoZLtkjwOEcGlS5fw8ssvW73ey9qhKEyXsJbOQLaAg/9mk4HCXiP8YthqtdBsNkcqRGdn\nZ0NtjagIX0TQ7/czN/1SVdy/fx+dTmfk9KLDw8PQCHJ2dnbEq2cPbzeYovUbN26EPk5xLiYU9poQ\nzHgYDAZoNBrD5be/gGlra2v4mqgNS+BMkDc3N7G0tBT6fKvVwhNPPBH6XJAwiyUsnS7quD6mymWH\nG5rVgZunNSEqF35ubm6sgGkwGIwUM3kblmGNvTxBDhYyra6u4vr167hy5crYc1EERSWsQOrChQvW\n7yfJ4IZmdWDEXhNMPnlcmpsn3lF5716Hxaho2dbfDxP94HujCpSi3k/s4YZmdaCw14SojIdWq2Wd\ng+5qqZ6lB7fJz2dkmR165tWAwl4TotronpycWG1+mhpAxR00bToMJGlkGJVi1+l0KEiEnENhrwle\nA6ewx5966qnInh/AG+JtK8h+MfcTzF5JI8S0CwiJh8I+RYqaex3V4tfLignmLpvmbGoMBbjJXqFd\nQIgZCvuUcH1WZFJMHrs3BxfzsOk34ip7pag3yqLD31v1obBPibzblC4vL48dMN1oNLC8vOz0Ojai\n3Wq1hpkxptWBibxvlGWFv7d6QGGfEnm3KZ2WNx23EdtoNEYqSv2riCQik/eNsuhEReX8vdUDCvuU\nKEJVXxK7JW65HvW86Rg7U5sAD1uRyftGWWRMUTl/b/WAwj4lsuRuTxuTMABnPdLjIu2om4KpwMg/\nXhymlUGv16u1b2yKyosQYJDJQ2GfEmVK04sShq2tLRwfH8f2ajGtDGxaw9qIjGllUHff2BSVr66u\nlibAIOlxJuwi0gSwA+BVVX3K1bhVoixpeqaj+NK8z6Pf7+PBgwfG19iKTPBGGaRuvrHfGos6y3Z+\nfr5UAQZJj8uI/WMAXgLwZodjkhxI24bXy3CJYnt7eyQrJ+y6afp5F/mAaxephTb7HXFnlfpvmGUJ\nMEh6nHR3FJHHAFwB8BkX45F8ieryFyfch4eHw+PywjAJ7Y0bN7C2tpZKcKKsm7x947gjBV2NEVU7\n4HXj5PGB9cNV294egOsAIsMxEbkmIjsisvP66687uiyZBGHtcldWVrC8vGw8O/Xk5ATb29uRz09K\ngIvabta0ielyjKgbpqpmumGS8pLZihGRpwB8R1XvichPR71OVW8BuAUAnU4nvP8rKQym5XqUrw2Y\no/JJZQYV1Td2kVpoM0aUpw4wQ6iuuPDY3wPg/SLyMwAeAvBmEfm8qn7YwdikYHiCn6Snuv+9QDIB\ntvWoi+gbu0gttBkjStQBZgjVlczCrqqfBPBJADiP2H+Vol590kbfSYukylz+7mKFYjNG3GZ33TKE\nCPPYSUqmYX+Uvfzdxe8oagwAI/12Go2GMeOoCBlCZHo4FXZV/XMAf+5yTBJPXt36Jm1/VKH83cXv\nKDhG2MHkzWbTWPyVd4YQmS6M2EtOWruiDK1bWf4eTthKxjshi5WlBHCX7khyIk1KnYv86mlQ1DTG\nvOj3+5Gb1sAblcFhqapFu2mTycKIveSksSvK4l17c/E3HZuZqedHNu5kKo/t7W3mrRMKe9lJY1fk\n6V2nsYCOj4+Hfx4MBqXKjHGFzclUQLn2H8jkoBVTctLYFXmV4KexgFxUb1YBW8Gu+/4DOYPCXnKi\nyv9N0Wxe3nUaka5CZowLbAS7zvsPZBRaMRUgaUpdXiX4aUQ67hDuuhBWqNRoNHDhwoXE58WS6kNh\nryl5lOAzfTE9Re2HQ4oJhZ1MjTQl9lEFN3GHflSBsI3mtbW1vKdFSgCFnUyNNFFnXaN8m8KzMhSZ\nkXygsJNUpBWVpBZQmQ4Bd0lcrUHZG6SRyUJhJ4lxJSo2N4e6estxG81lKTIj+UBhJ4lxISpJbg5F\n7LU+aeIsKKaBEhMUdpIYF6JSt4gzqXUVZ0HVde+B2EFhJ1b4hSnqKLYkolK2iDPLRqXt6iR4jaWl\nJezt7YVes657D8QOCjuJJShMYaKeVFTKFHFm3VOwWZ2EXWN3dzeyiriuew/EDgo7iSWqAZUXuScR\nFX9UGqSoEWdW28hmdZLmGnXceyB2UNhrSpS1EPZ4lDCpKm7cuJHomlGtZ4sccWa1jWxWJ2Wzpkix\nobCXjH6/P9KfvNVqYXl5OVO07FkL+/v72N3dHbED1tfXnXjqQHTkPz8/X+iKyqy2UZYDqYtoTZHi\nQ2EvEf1+H3fu3BkegwacldZvbGwAiD8Kz3RQw9HREe7duxcq4C48daA8UWlw1bK4uDhywwOS/fw2\nfjg3Q4lLKOwlYnt7e0TUPU5PT2P9XpuDGsIE3E8aT91PGaLSqE1MU4aKDXF+ODdDiUso7CXCFNnG\nRb02UXGU5eKR1FMPUoaoNGoTc29vb+J2ETdDiSt40EaJMEW2cVFv3POzs7N48sknxw7gSDJGHGkO\nBZk2ZbGLCDHBiL1EdLvdMY8dODtwIS7qDYuWPfzL/oWFhZHNWQ9XkXXRo9Iy2EWExEFhLxGeIKbJ\nirH1cD3hrWtL2DLYRYTEIXEbZpOg0+nozs7O1K9LRimSeHMuhMQjIvdUtRP3OkbsNaVI/byLNBfv\nmhRyUmYo7DUirpFXXt0V69bpkZBJQ2GvCTaNvIDx7I9p2BLMRCHELRT2mmBToASMZn9EWST7+/uZ\ninXCrslMFELcQWHPkWlu0tlEv8HsjyiLxL/x7cIPZyYKIW7JLOwi8jiA/wbgrQAUwC1V/XTWcauO\nacMQcF9aHhUVm9oE2FohafzwJIdKEEKS4SJiPwbwcVV9TkR+EMA9EfmKqr7oYOzKEhUNb21t4fj4\n2HmGSFRUbKr8jLoZhJHED096qAQhJBmZhV1VXwPw2vmf/0FEXgLwKAAKu4EoIQxWfAJuMkTSNJky\nVasGSeKHR93Ubt++PTJXW8IsLe86XAGQOuLUYxeRSwDeAeDZkOeuAbgGAAsLCy4vW0qSRMOAmwyR\npPnZYZWuUSTxw00HdyRdnYRF/xsbGxCRYeuFvPPiCZk2zpqAicgPAPhjAGuq+vfB51X1lqp2VLVz\n8eJFV5ctLd1ud6zh1uzsLFqtVujrXWaI9Pt99Ho93Lx5E71eD/1+P/K17XYbc3NzxvEuX76cSDBN\nP4u3OrElLPo/PT0d66eTdFxCyowTYReRWZyJ+tOquu5izKoT1elweXk5VPBdZYh4Ea4XNXvRrEnc\n41YL3/3udxPNIeymluR603gtIWXGRVaMAPgsgJdU9TezT6k+mKyRSfjD/X4ft2/fTlxxGmcbJRVM\n7zphc/GuZ0sSS4t58aQuuPDY3wPgIwD6IvL188c+papfcjB2LZlErxIvUretOPUT1S7YI41gej9f\n1vz1sA3eRqMx4rGnGZeQMuMiK+Z/AxAHcyE+XBcvxVWeRnn7wBsi/MUvfhGHh4cjz2URTBfHwUWN\nkXVcQsoM2/YWkLCDp+NyzuO4efOm8flGo4EPfOADseOzpS0h+cG2vSVmEt0O47xomwOxgWibaJKC\nz5sJIcngmacFZBLdDuMyUbKMnybTxpa7d+9ifX19ImMTUlUo7AUkajMyS1ZHML3S5fimFUYW+v0+\nwiw75qQTYobCXkCiipeyZnW0222sra1hdXXV6fiT6qduEm/mpBMSDT32AuIiW8RPmEe9srLibPxJ\n9VM3iTdz0gmJhlkxFWcSGTaTukbwBnR4eBjZo2Z1dZUZPKR2MCuGAIjPsHEhfi5WGGHNvJrNJhqN\nBk5PT0N/Lv+1bcZjIzBSFyjsFcfkf7sUv6zVsmE3oJOTE7RaLczNzY39HHFz5QHZpM5w87TimLpF\nTiqbJQ2m/vRra2uhnrpprjwgm9QZRuwlIY1l0u/38eDBg7HHm80mut0u1tfDG3HmIX5xG7BJhZoH\nZJM6Q2EvAWnPR93e3g71p+fm5tBut4fvC+JC/JLeiOIOtE4q1Dwgm9QZCnuB8YtjEJvzUeOO35uU\n+KXx7uM2YJPO1XXKKCFlgsJeUMJSCIPEnY9qE+XOzMwMryEiI751WhFMu3Fp2oBNI9STaH9MSBmg\nsBeUuDa7JjwxN0W5YTcOr6Yha2rgpDYug0LtHfHHiJyQUSjsBSVOBGdnZzEzMxMatXsRuSnK7fV6\nxhtH0tRAv20kIplPRrK5HvPUCQmHwl5QTG12/YdJxPnOUXaETfR8cHBgFREHRTZM1BuNhtONy7R2\nD6tRSR2gsBeUKBslrEw/jVDZnhUabJcLjEfENrbR6ekp9vf3x96bVmjT2D2M8kldoLAXFNvNwrQb\nhGE3jjiiImJb73xnZwcLCwvD94cJ7fr6Ovb393HlyhXjWGny1FmNSuoChb3ATDKrI3jj8CpUB4OB\nMZr37JnFxUXs7e0ZPfUwbt++Pbx+VKTv3QBM81tcXMTu7m6iVE1Wo5K6QGHPiSJ4vaYbh+eth3Fw\ncDByAEaSDqGqio2NjeE4UQRz9P2bxAcHB9jd3cXS0tLw5mLzO2Q1KqkLFPYcKIPXm8aq8SL3VqsV\n2W4XOPPbt7a2jCsD0/uBMwtlb28Pa2tr1vNjNSqpC2wClgNFar4Vhc1RekFUFTdu3MD169fR6Zhb\nRg8Gg8yCmtRCCf5M8/PzTvvSE1IUGLHnQFW9XhHBzZs3h7bIwsJCZKMxj06nM3auqSlH308aC4XV\nqKQOMGLPgUkcVu0azy5KcrMJq1yNahsMnOXgLywsYHV1dSyKXl5eHjuX1Q8tFEKiYcSeA2XweuNy\n05vNJk5PTyM3Tj1raXl5GXfu3MHJyUnka9bW1iKj6KisGBYWERINhT0HytB5MC5SDxPqsDG8nylN\n73faJoSkg8KeE0UXLdvK1LgxgDdy1ieRaliEtFFCigY9dhJKt9s1etxxNBoNHB4e4ubNm8OCpuB4\nWe2n4D6A5+33+/3UYxJSBRixF5AiRKFBuyhJdSlwlqvuZbWkLSiKgy0CCAmHwl4wilS85NlFNod+\nxJGmoCiOqqaNEpIVJ8IuIu8D8GkATQCfUdVfdzFuHZlEFGqzAjC9JsuhH37CBDfL6oQtAggJJ7Ow\ni0gTwG8D+JcA7gP4moh8QVVfzDp2HXEZhfb7fWxtbY31WQmuAOJWCaZrx7UP8CMiY/PLsjpxnTZa\nBAuMEBe42Dx9F4BvqOo3VfUQwB8CuOpg3FriqnjJE03TuagecS0OTHOam5uznlPQo8/aWsFliwBu\nxJIq4cKKeRTAt3x/vw/gnwdfJCLXAFwDMGzJSsZxFYXG2Sf+KDxulWCaU1zLAD/BG0SS1UlUNO0q\nbZQbsaRKTG3zVFVvAbgFAJ1Oxz69oma4Kl6Ks278IhvnVZvmFLR64ubU6/WG77X1yO/evTvSTybr\nhnLYTYIbsaRKuBD2VwE87vv7Y+ePkZS4iEJNBUbBFYDNKiHNnMJSJP2ibHPdfr8/1iQMSB9NR/n6\nUXsF3IglZcSFsH8NwKKIXMaZoH8IwL91MC5B+g29qH7qrVYLy8vLI2NkWSWYonVVDb3B+HvExF3X\n5LeniaajLJeZmRnMzs4Wun8PIbZkFnZVPRaRXwTwpzhLd/ycqr6QeWY1xS/krVYLh4eHw74sSSyI\npGKddpVgWhnEHbFnc12TeKeJpk0He6yurjIrhlQCJx67qn4JwJdcjFVngjaBKaPFRnCm0Y+m2+1i\nY2MDp6enI483m010u93MPWJMN4c00bTJ1y96/x5CbGHlaYGwLQQq0oaeJ4T+TdSg3ZMlyyfKUup0\nOqlEOG3WEXPcSZmgsBcIW8Eu2oaeKdLNmuXjusVxmvGK1OaBEBso7AXCplVuGTf0slocri2SpOMx\nx52UDbbtLRBhrXIbjcbw9CAevpwPzHEnZYMRe4Eow8lKdYTNxkjZoLAXDGZmFI8ynFFLiB8KOxnC\nzI9wuJIiZYPCTgAw8yMOrqRImaCwEwDFzvzgSoKQZFDYCYDiZn5wJUFIcijsBED6zI9JR9NFXkkQ\nUlSYx04AhOfQx2V+TOPUoaLnZzPSAAAGN0lEQVSuJAgpMozYCYB0mR9poumkET5zyAlJDoWdDEma\n+ZE0mk7jlzOHnJDk0IohqTFFzb1eb8ySSXN4tcsDqwmpC4zYSWqiWuoC4dF4Wr+cOeSEJIPCTlIT\n9OWDBP32MvrlzKEnZYRWDMlEu90enl0ahl/I02Te5Mk0sn4ImQQUduKEqKjb/3jZ/PI0ewKEFAFa\nMcQJttkrZfLLmUNPygqFnTihih0Qy7gnQAhAYScOKVM0bgNz6ElZobATEkEVVyGkHlDYSSEoalph\n1VYhpB5Q2EnusDUvIW5huiPJHaYVEuIWCjvJHaYVEuIWWjHEOWzNS0i+MGInTklThl+2VgOEFB0K\nO3EKW/MSkj+0YohT2JqXkPzJFLGLyH8Wkb8Ukf8jIrdF5C2uJkbKiU0zMELIZMlqxXwFwNtV9Z8B\n+L8APpl9SqTM0C8nJH8yWTGq+mXfX78K4GezTYeUHZbhE5I/Lj32XwDw36OeFJFrAK4BwMLCgsPL\nkqJBv5yQfIkVdhH5MwD/OOSpX1PVO+ev+TUAxwCejhpHVW8BuAUAnU5HU82WEEJILLHCrqrvNT0v\nIj8P4CkAXVWlYBNCSM5ksmJE5H0ArgP4F6r6fTdTIoQQkoWsWTG/BeAHAXxFRL4uIv/VwZwIIYRk\nIGtWzD91NRFCCCFukDxscRF5HcArDoZ6BMDfOhhnUnB+2eD8ssH5ZaOI8/snqnox7kW5CLsrRGRH\nVTt5zyMKzi8bnF82OL9sFH1+JtgEjBBCKgaFnRBCKkbZhf1W3hOIgfPLBueXDc4vG0WfXySl9tgJ\nIYSMU/aInRBCSIDKCLuIfFxEVEQeyXsuforas15E3icifyUi3xCRT+Q9Hz8i8riI/E8ReVFEXhCR\nj+U9pzBEpCkiz4vIF/OeSxAReYuIPHP+2XtJRH4i7zn5EZFfOf+3/QsR+QMReSjn+XxORL4jIn/h\ne+wfichXRGTv/P8/lOcck1AJYReRxwH8KwD7ec8lhML1rBeRJoDfBrAM4G0A/o2IvC3fWY1wDODj\nqvo2AO8G8B8LNj+PjwF4Ke9JRPBpAH+iqj8OYAkFmqeIPArglwF0VPXtAJoAPpTvrPB7AN4XeOwT\nALZVdRHA9vnfS0ElhB3Af8FZz5rCbRio6pdV9fj8r18F8Fie8znnXQC+oarfVNVDAH8I4GrOcxqi\nqq+p6nPnf/4HnInSo/nOahQReQzAFQCfyXsuQURkHsBPAfgsAKjqoar+Xb6zGmMGQEtEZgA8DOCv\n85yMqv4vAN8NPHwVwO+f//n3AXxgqpPKQOmFXUSuAnhVVXfznosFvwBgK+9J4Ewkv+X7+30UTDg9\nROQSgHcAeDbfmYzRw1kwcZr3REK4DOB1AL97bhV9RkTelPekPFT1VQC/gbMV9msADgKH9hSFt6rq\na+d//jaAt+Y5mSSUQthF5M/Ovbjgf1cBfArAfyrw/LzXxPasJ6OIyA8A+GMAa6r693nPx0NEngLw\nHVW9l/dcIpgB8E4Av6Oq7wDwPRTIRjj3qq/i7Ab0owDeJCIfzndWZs5bkhfOEYjC5QlKEyOqJ7yI\ntHH24dgVEeDM5nhORN6lqt/Oe34eBexZ/yqAx31/f+z8scIgIrM4E/WnVXU97/kEeA+A94vIzwB4\nCMCbReTzqloUcboP4L6qequcZ1AgYQfwXgAvq+rrACAi6wB+EsDnc53VOH8jIj+iqq+JyI8A+E7e\nE7KlFBF7FKraV9UfVtVLqnoJZx/od05T1OPw9ax/f4F61n8NwKKIXBaROZxtXH0h5zkNkbO79GcB\nvKSqv5n3fIKo6idV9bHzz9yHAPyPAok6zj//3xKRHzt/qAvgxRynFGQfwLtF5OHzf+suCrS56+ML\nAH7u/M8/B+BOjnNJRCki9pLzWwAu4KxnPQB8VVX/Q54TUtVjEflFAH+Ks4yEz6nqC3nOKcB7AHwE\nQF9Evn7+2KdU9Us5zqls/BKAp89v3N8E8NGc5zNEVZ8VkWcAPIcze/J55FzlKSJ/AOCnATwiIvcB\n3ADw6wD+SET+Hc660f7r/GaYDFaeEkJIxSi1FUMIIWQcCjshhFQMCjshhFQMCjshhFQMCjshhFQM\nCjshhFQMCjshhFQMCjshhFSM/w/gORzXmn5wRgAAAABJRU5ErkJggg==\n",
      "text/plain": [
       "<matplotlib.figure.Figure at 0x10a4d5f98>"
      ]
     },
     "metadata": {},
     "output_type": "display_data"
    },
    {
     "name": "stdout",
     "output_type": "stream",
     "text": [
      "[[[ 1.00490413  1.89980228]\n",
      "  [ 1.89980228  4.18354574]]\n",
      "\n",
      " [[ 1.96867815  0.78415336]\n",
      "  [ 0.78415336  1.83319942]]\n",
      "\n",
      " [[ 0.19316335 -0.11648642]\n",
      "  [-0.11648642  1.98395967]]]\n"
     ]
    }
   ],
   "source": [
    "samples = np.load('samples.npz')\n",
    "X = samples['data']\n",
    "pi0 = samples['pi0']\n",
    "mu0 = samples['mu0']\n",
    "sigma0 = samples['sigma0']\n",
    "plt.scatter(X[:, 0], X[:, 1], c='grey')\n",
    "plt.axis('equal')\n",
    "plt.show()\n",
    "print(sigma0)"
   ]
  },
  {
   "cell_type": "markdown",
   "metadata": {},
   "source": [
    "### Reminder"
   ]
  },
  {
   "cell_type": "markdown",
   "metadata": {},
   "source": [
    "Remember, that EM algorithm is a coordinate descent optimization of variational lower bound $\\mathcal{L}(\\theta, q) = \\int q(T) \\log\\frac{P(X, T|\\theta)}{q(T)}dT\\to \\max$.\n",
    "\n",
    "<b>E-step</b>:<br>\n",
    "$\\mathcal{L}(\\theta, q) \\to \\max\\limits_{q} \\Leftrightarrow \\mathcal{KL} [q(T) \\,\\|\\, p(T|X, \\theta)] \\to \\min \\limits_{q\\in Q} \\Rightarrow q(T) = p(T|X, \\theta)$<br>\n",
    "<b>M-step</b>:<br> \n",
    "$\\mathcal{L}(\\theta, q) \\to \\max\\limits_{\\theta} \\Leftrightarrow \\mathbb{E}_{q(T)}\\log p(X,T | \\theta) \\to \\max\\limits_{\\theta}$\n",
    "\n",
    "For GMM, $\\theta$ is a set of parameters that consists of mean vectors $\\mu_c$, covariance matrices $\\Sigma_c$ and priors $\\pi_c$ for each component.\n",
    "\n",
    "Latent variables $T$ are indices of components to which each data point is assigned. $T_i$ (cluster index for object $i$) is a binary vector with only one active bit in position corresponding to the true component. For example, if we have $C=3$ components and object $i$ lies in first component, $T_i = [1, 0, 0]$.\n",
    "\n",
    "The joint distribution can be written as follows: $p(T, X \\mid \\theta) =  \\prod\\limits_{i=1}^N p(T_i, X_i \\mid \\theta) = \\prod\\limits_{i=1}^N \\prod\\limits_{c=1}^C [\\pi_c \\mathcal{N}(X_i \\mid \\mu_c, \\Sigma_c)]^{T_{ic}}$."
   ]
  },
  {
   "cell_type": "markdown",
   "metadata": {},
   "source": [
    "### E-step\n",
    "In this step we need to estimate the posterior distribution over the latent variables with fixed values of parameters: $q(T) = p(T|X, \\theta)$. We will assume that $T_i$ (cluster index for object $i$) is a binary vector with only one '1' in position corresponding to the true component. To do so we need to compute $\\gamma_{ic} = P(T_{ic} = 1 \\mid X, \\theta)$. Note that $\\sum\\limits_{c=1}^C\\gamma_{ic}=1$.\n"
   ]
  },
  {
   "cell_type": "markdown",
   "metadata": {},
   "source": [
    "<b>Important trick 1:</b> It is important to avoid numerical errors. At some point you will have to compute the formula of the following form: $\\frac{e^{x_i}}{\\sum_j e^{x_j}}$. When you compute exponents of large numbers, you get huge numerical errors (some numbers will simply become infinity). You can avoid this by dividing numerator and denominator by $e^{\\max(x)}$: $\\frac{e^{x_i-\\max(x)}}{\\sum_j e^{x_j - \\max(x)}}$. After this transformation maximum value in the denominator will be equal to one. All other terms will contribute smaller values. This trick is called log-sum-exp. So, to compute desired formula you first subtract maximum value from each component in vector $X$ and then compute everything else as before.\n",
    "\n",
    "<b>Important trick 2:</b> You will probably need to compute formula of the form $A^{-1}x$ at some point. You would normally inverse $A$ and then multiply it by $x$. A bit faster and more numerically accurate way to do this is to solve the equation $Ay = x$. Its solution is $y=A^{-1}x$, but the equation $Ay = x$ can be solved by Gaussian elimination procedure. You can use ```np.linalg.solve``` for this.\n",
    "\n",
    "<b>Other usefull functions: </b> <a href=\"https://docs.scipy.org/doc/numpy/reference/generated/numpy.linalg.slogdet.html\">```slogdet```</a> and <a href=\"https://docs.scipy.org/doc/numpy/reference/generated/numpy.linalg.det.html#numpy.linalg.det\">```det```</a>"
   ]
  },
  {
   "cell_type": "markdown",
   "metadata": {},
   "source": [
    "<b>Task 1:</b> Implement E-step for GMM using template below."
   ]
  },
  {
   "cell_type": "code",
   "execution_count": 24,
   "metadata": {},
   "outputs": [],
   "source": [
    "#A=X[0:]\n",
    "#print(X,'\\n\\n',pi0,'\\n\\n',mu0,'\\n\\n',sigma0)\n",
    "\n",
    "\n",
    "#a=multivariate_normal.pdf(A,mean=B,cov=C)\n",
    "#print('\\n',a)\n",
    "#b=multivariate_normal(mean=B,cov=C)\n",
    "#print(b.pdf(A))\n",
    "def E_step(X, pi, mu, sigma):\n",
    "    \"\"\"\n",
    "    Performs E-step on GMM model\n",
    "    Each input is numpy array:\n",
    "    X: (N x d), data points\n",
    "    pi: (C), mixture component weights \n",
    "    mu: (C x d), mixture component means\n",
    "    sigma: (C x d x d), mixture component covariance matrices\n",
    "    \n",
    "    Returns:\n",
    "    gamma: (N x C), probabilities of clusters for objects\n",
    "    \"\"\"\n",
    "    N = X.shape[0] # number of objects\n",
    "    C = pi.shape[0] # number of clusters\n",
    "    d = mu.shape[1] # dimension of each object\n",
    "    gamma = np.zeros((N, C)) # distribution q(T)\n",
    "    \n",
    "    for i in range(C):\n",
    "        gamma[:,i]=multivariate_normal.pdf(X,mean=mu[i],cov=sigma[i])*pi[i]\n",
    "    \n",
    "    gamma=gamma/gamma.sum(axis=1)[:,np.newaxis]\n",
    "    \n",
    "    ### YOUR CODE HERE\n",
    "    \n",
    "    return gamma\n"
   ]
  },
  {
   "cell_type": "code",
   "execution_count": 9,
   "metadata": {},
   "outputs": [
    {
     "name": "stdout",
     "output_type": "stream",
     "text": [
      "[[  9.94276163e-001   5.72383707e-003   1.80616145e-015]\n",
      " [  9.87246842e-001   1.27531579e-002   7.75320649e-014]\n",
      " [  9.87494070e-001   1.25059301e-002   4.80943569e-015]\n",
      " [  9.99698913e-001   3.01086765e-004   5.64174196e-023]\n",
      " [  9.99705374e-001   2.94625561e-004   2.32357190e-025]\n",
      " [  1.20174053e-004   9.99879826e-001   1.45795586e-019]\n",
      " [  2.64890701e-036   1.00000000e+000   3.64585160e-056]\n",
      " [  2.82609593e-001   7.17388805e-001   1.60176297e-006]\n",
      " [  9.76855936e-001   2.31440637e-002   5.67381802e-012]\n",
      " [  4.54631617e-001   3.16891099e-001   2.28477284e-001]\n",
      " [  5.48750600e-001   4.24836690e-001   2.64127104e-002]\n",
      " [  9.93301100e-001   6.69890041e-003   1.31748626e-015]\n",
      " [  6.74287203e-001   3.22763734e-001   2.94906310e-003]\n",
      " [  1.76201104e-001   8.23798896e-001   1.01622102e-030]\n",
      " [  1.10261518e-003   9.98897385e-001   4.40367768e-023]\n",
      " [  9.18961182e-001   8.10369136e-002   1.90393930e-006]\n",
      " [  2.36606804e-010   9.99999998e-001   2.13808333e-009]\n",
      " [  9.99188439e-001   8.11561388e-004   2.58185294e-020]\n",
      " [  7.09538182e-001   2.89050235e-001   1.41158291e-003]\n",
      " [  1.25399282e-002   9.87460072e-001   8.14577195e-032]\n",
      " [  9.30795951e-001   6.92039932e-002   5.60841101e-008]\n",
      " [  5.81735265e-032   1.00000000e+000   9.26431347e-059]\n",
      " [  9.42196649e-001   5.78033509e-002   4.04455550e-012]\n",
      " [  6.37773923e-001   3.62225909e-001   1.67821244e-007]\n",
      " [  5.67609585e-001   4.32390415e-001   6.05588161e-015]\n",
      " [  9.85923605e-001   1.40763955e-002   1.98664836e-012]\n",
      " [  2.38321986e-001   7.60966962e-001   7.11052213e-004]\n",
      " [  9.98104127e-001   1.89587313e-003   3.55321714e-018]\n",
      " [  9.98951645e-001   1.04835480e-003   5.61205241e-022]\n",
      " [  6.71011407e-001   3.28988591e-001   1.70652266e-009]\n",
      " [  3.98047237e-001   6.01952763e-001   1.06939123e-016]\n",
      " [  1.36289767e-010   1.00000000e+000   6.59734040e-017]\n",
      " [  1.26992889e-004   9.99872485e-001   5.22609804e-007]\n",
      " [  1.12682040e-001   8.87115180e-001   2.02780439e-004]\n",
      " [  9.68723014e-001   3.12769860e-002   2.17199399e-010]\n",
      " [  2.94723763e-001   7.05276237e-001   3.76379458e-023]\n",
      " [  9.90504623e-001   9.49537720e-003   1.88418121e-013]\n",
      " [  9.98876557e-001   1.12344319e-003   6.46570557e-020]\n",
      " [  9.81224717e-001   1.87752827e-002   8.74151529e-020]\n",
      " [  8.59982829e-001   1.39905656e-001   1.11514934e-004]\n",
      " [  7.47017832e-029   1.00000000e+000   3.74457710e-046]\n",
      " [  1.72605294e-039   1.00000000e+000   1.02203118e-030]\n",
      " [  5.95954804e-006   9.99994040e-001   7.56059012e-010]\n",
      " [  9.93596312e-001   6.40368821e-003   2.74095812e-017]\n",
      " [  2.05111619e-012   1.00000000e+000   4.35873878e-021]\n",
      " [  5.43188919e-005   9.96614840e-001   3.33084079e-003]\n",
      " [  1.31213366e-009   9.99996179e-001   3.81983990e-006]\n",
      " [  9.56329548e-001   4.36704516e-002   2.28356273e-011]\n",
      " [  9.28543012e-001   7.14569880e-002   1.34442778e-014]\n",
      " [  1.44363425e-001   8.55634115e-001   2.46030954e-006]\n",
      " [  8.87785644e-001   1.12167417e-001   4.69390727e-005]\n",
      " [  2.05065916e-005   9.99979472e-001   2.14380688e-008]\n",
      " [  5.93370137e-005   9.97737411e-001   2.20325165e-003]\n",
      " [  9.36841132e-056   1.00000000e+000   3.17932654e-098]\n",
      " [  9.93829821e-001   6.17017925e-003   3.81954452e-022]\n",
      " [  6.18078076e-005   9.99926615e-001   1.15770515e-005]\n",
      " [  3.29062085e-040   1.00000000e+000   1.42841095e-070]\n",
      " [  8.53869785e-001   1.46130215e-001   2.38347534e-019]\n",
      " [  7.78634082e-001   2.21016121e-001   3.49797443e-004]\n",
      " [  3.56143769e-003   9.96438562e-001   1.06975022e-014]\n",
      " [  1.72061783e-005   9.99981880e-001   9.14031879e-007]\n",
      " [  9.94029385e-001   5.97061537e-003   8.27050040e-015]\n",
      " [  3.18792276e-001   1.61073364e-001   5.20134360e-001]\n",
      " [  7.41232874e-001   2.58754754e-001   1.23719668e-005]\n",
      " [  9.99617860e-001   3.82140007e-004   6.22308927e-024]\n",
      " [  9.89551823e-001   1.04481769e-002   7.07852605e-015]\n",
      " [  7.85359811e-001   2.14639875e-001   3.13124906e-007]\n",
      " [  4.93439728e-020   1.00000000e+000   5.48477191e-036]\n",
      " [  2.18308369e-001   7.23673035e-001   5.80185961e-002]\n",
      " [  3.87187674e-001   6.12812319e-001   6.74471246e-009]\n",
      " [  9.06915833e-001   9.30841667e-002   7.63699755e-019]\n",
      " [  6.98288652e-001   3.01711270e-001   7.82363546e-008]\n",
      " [  8.38354130e-001   1.61645870e-001   2.45021394e-011]\n",
      " [  2.44914255e-054   1.00000000e+000   5.17930239e-096]\n",
      " [  1.43380892e-007   9.99999476e-001   3.80815106e-007]\n",
      " [  2.24653086e-035   1.00000000e+000   9.52219156e-053]\n",
      " [  8.49231022e-001   1.50768275e-001   7.02503732e-007]\n",
      " [  9.96330893e-001   3.66910732e-003   2.56304065e-016]\n",
      " [  7.33026822e-001   2.66973178e-001   2.04766896e-022]\n",
      " [  1.28987248e-001   8.44346763e-001   2.66659886e-002]\n",
      " [  9.77192054e-001   2.28079461e-002   9.91957067e-019]\n",
      " [  9.98993080e-001   1.00691994e-003   9.70562482e-033]\n",
      " [  5.89744940e-008   9.99999941e-001   2.25736334e-010]\n",
      " [  9.89202219e-001   1.07977809e-002   5.42708362e-014]\n",
      " [  1.91456580e-005   9.99980854e-001   1.87218870e-013]\n",
      " [  3.58911075e-001   6.40860046e-001   2.28878668e-004]\n",
      " [  9.81162137e-001   1.88378630e-002   1.28499393e-021]\n",
      " [  8.86742583e-037   1.00000000e+000   5.77003482e-060]\n",
      " [  9.64837804e-001   3.51621957e-002   8.39114782e-018]\n",
      " [  1.57000106e-031   1.00000000e+000   3.51674383e-027]\n",
      " [  9.88959879e-001   1.10401207e-002   1.99228490e-016]\n",
      " [  2.92132818e-011   9.99998629e-001   1.37069810e-006]\n",
      " [  8.10094421e-043   1.00000000e+000   8.82072120e-028]\n",
      " [  9.78641152e-018   1.00000000e+000   1.84137135e-015]\n",
      " [  6.27907336e-022   1.00000000e+000   7.86946168e-047]\n",
      " [  1.71401917e-004   9.73045549e-001   2.67830495e-002]\n",
      " [  9.59477751e-001   4.05222448e-002   4.45604907e-009]\n",
      " [  5.18157209e-008   9.99999948e-001   3.45034426e-010]\n",
      " [  4.40167102e-023   1.00000000e+000   6.04325351e-025]\n",
      " [  4.80751696e-038   1.00000000e+000   4.28529112e-066]\n",
      " [  8.40836524e-001   1.59163474e-001   1.24165801e-009]\n",
      " [  9.96594664e-001   3.40533558e-003   7.95158043e-018]\n",
      " [  2.17662687e-006   9.99997764e-001   5.92680733e-008]\n",
      " [  4.63568047e-010   1.00000000e+000   8.72466588e-013]\n",
      " [  3.16059218e-002   9.68394078e-001   5.17875694e-023]\n",
      " [  9.86434487e-001   1.35655133e-002   4.53843831e-014]\n",
      " [  3.40899807e-010   7.41649657e-001   2.58350342e-001]\n",
      " [  2.35046160e-045   1.00000000e+000   1.08913269e-083]\n",
      " [  1.43831776e-010   1.00000000e+000   4.64057026e-017]\n",
      " [  6.78704318e-001   3.21283490e-001   1.21915714e-005]\n",
      " [  7.22969285e-001   2.77030715e-001   5.90306207e-023]\n",
      " [  9.68974926e-008   9.99999875e-001   2.77704171e-008]\n",
      " [  7.41971394e-001   2.58028575e-001   3.02582812e-008]\n",
      " [  1.99144530e-006   9.99998007e-001   1.93630933e-009]\n",
      " [  9.44008536e-003   9.90537319e-001   2.25953594e-005]\n",
      " [  9.77921913e-001   2.20780871e-002   6.68240677e-011]\n",
      " [  6.61022534e-001   3.38804056e-001   1.73410071e-004]\n",
      " [  9.70574898e-001   2.94251019e-002   6.80965588e-016]\n",
      " [  8.15592687e-001   1.84406669e-001   6.44147580e-007]\n",
      " [  8.88891124e-048   1.00000000e+000   2.15762157e-088]\n",
      " [  9.94575628e-001   5.42437220e-003   2.46634049e-016]\n",
      " [  9.92778172e-001   7.22182813e-003   4.33365168e-027]\n",
      " [  9.98749084e-001   1.25091554e-003   2.80602305e-019]\n",
      " [  2.28578369e-009   9.99999998e-001   7.04663433e-011]\n",
      " [  1.05901309e-001   8.94098528e-001   1.62831698e-007]\n",
      " [  3.99109332e-040   1.00000000e+000   1.34860792e-085]\n",
      " [  1.42770134e-014   9.99998558e-001   1.44225018e-006]\n",
      " [  9.28721864e-001   7.12781351e-002   8.75340016e-010]\n",
      " [  6.56466529e-001   1.72367626e-001   1.71165845e-001]\n",
      " [  2.24195764e-053   1.00000000e+000   7.12813995e-108]\n",
      " [  9.70788119e-001   2.92118810e-002   1.15597430e-019]\n",
      " [  1.75928728e-020   1.00000000e+000   2.33718601e-014]\n",
      " [  1.22284796e-003   9.93194393e-001   5.58275891e-003]\n",
      " [  1.63101729e-017   1.00000000e+000   4.03257446e-015]\n",
      " [  9.94911065e-001   5.08893530e-003   2.03069013e-015]\n",
      " [  4.84891032e-001   8.90818184e-002   4.26027149e-001]\n",
      " [  1.13868131e-014   1.00000000e+000   8.80934364e-024]\n",
      " [  1.19648774e-054   1.00000000e+000   3.07970807e-104]\n",
      " [  3.44012792e-018   1.00000000e+000   2.36010063e-023]\n",
      " [  9.95572866e-001   4.42713380e-003   4.34301963e-017]\n",
      " [  9.88300706e-001   1.16992940e-002   8.25621255e-021]\n",
      " [  2.65967321e-001   7.34032679e-001   5.49955047e-026]\n",
      " [  9.98520870e-001   1.47913036e-003   9.80272229e-019]\n",
      " [  3.87817746e-065   1.00000000e+000   2.04344891e-114]\n",
      " [  8.86526214e-008   9.99999668e-001   2.43011423e-007]\n",
      " [  9.99708434e-001   2.91566062e-004   4.29490077e-023]\n",
      " [  9.97066800e-001   2.93319962e-003   1.05477009e-017]\n",
      " [  8.05137664e-001   1.94862038e-001   2.98069992e-007]\n",
      " [  9.78403493e-001   2.15965068e-002   4.12621084e-019]\n",
      " [  9.95756568e-001   4.24343174e-003   3.72189663e-016]\n",
      " [  1.86743575e-018   1.00000000e+000   1.62281982e-032]\n",
      " [  2.08039331e-003   9.97919607e-001   5.04778159e-034]\n",
      " [  9.96665095e-001   3.33490455e-003   1.00613648e-016]\n",
      " [  9.98883075e-001   1.11692479e-003   6.71054665e-024]\n",
      " [  9.90612713e-001   9.38728711e-003   1.70621844e-013]\n",
      " [  3.77991780e-001   6.22007751e-001   4.69547372e-007]\n",
      " [  9.74645307e-002   9.02535469e-001   6.23775885e-033]\n",
      " [  1.86290849e-010   1.00000000e+000   5.47974459e-013]\n",
      " [  3.97348728e-001   6.02651272e-001   8.46840084e-021]\n",
      " [  9.97091787e-001   2.90821345e-003   4.89115659e-017]\n",
      " [  2.15281736e-044   1.00000000e+000   2.49836772e-084]\n",
      " [  1.01752784e-015   1.00000000e+000   6.25454901e-019]\n",
      " [  3.85479879e-007   9.99999378e-001   2.36070662e-007]\n",
      " [  7.36088640e-004   9.99249024e-001   1.48878142e-005]\n",
      " [  2.31235362e-008   9.99999970e-001   6.97011638e-009]\n",
      " [  5.62592943e-039   1.00000000e+000   4.70676305e-066]\n",
      " [  7.80073629e-001   2.19926371e-001   2.95248202e-011]\n",
      " [  3.74766511e-002   9.62523349e-001   1.90757081e-022]\n",
      " [  4.15620073e-001   5.84357843e-001   2.20835679e-005]\n",
      " [  1.03447027e-012   1.00000000e+000   7.14628448e-018]\n",
      " [  8.71611791e-006   9.99991284e-001   2.42670858e-015]\n",
      " [  4.43901843e-042   1.00000000e+000   1.72903332e-068]\n",
      " [  2.43059921e-039   1.00000000e+000   4.60401873e-063]\n",
      " [  1.66851631e-009   9.99999998e-001   1.27738846e-014]\n",
      " [  9.89131210e-002   9.01085214e-001   1.66516822e-006]\n",
      " [  3.11254381e-020   1.00000000e+000   9.80481489e-011]\n",
      " [  3.62788587e-002   9.63705187e-001   1.59546441e-005]\n",
      " [  2.72080695e-004   9.99043036e-001   6.84883073e-004]\n",
      " [  1.99037751e-001   8.00962243e-001   5.83006437e-009]\n",
      " [  3.98655270e-001   5.96769740e-001   4.57499029e-003]\n",
      " [  9.97406955e-001   2.59304526e-003   4.50001294e-018]\n",
      " [  4.54811414e-002   9.54518859e-001   3.64859898e-036]\n",
      " [  9.59392020e-001   4.06079799e-002   1.54518192e-010]\n",
      " [  3.69898816e-044   1.00000000e+000   3.14281547e-076]\n",
      " [  8.09405576e-001   1.90594424e-001   1.68016370e-011]\n",
      " [  9.71258714e-001   2.87412860e-002   1.08511314e-010]\n",
      " [  8.93553441e-001   1.06446489e-001   7.02251222e-008]\n",
      " [  9.73185757e-001   2.68142426e-002   3.94182116e-015]\n",
      " [  8.37962156e-001   1.62019532e-001   1.83112272e-005]\n",
      " [  4.56178199e-001   5.43821484e-001   3.17332145e-007]\n",
      " [  1.96770059e-004   9.99803230e-001   3.42990187e-036]\n",
      " [  2.51669893e-001   4.71771603e-001   2.76558503e-001]\n",
      " [  9.97157508e-001   2.84249175e-003   6.51535810e-017]\n",
      " [  3.92806556e-003   9.96071934e-001   2.36064166e-013]\n",
      " [  9.57288291e-001   4.27117010e-002   8.31698855e-009]\n",
      " [  9.45217109e-001   5.47828911e-002   1.30667090e-012]\n",
      " [  9.06923006e-015   9.99999997e-001   2.50764399e-009]\n",
      " [  4.58837556e-005   9.99954116e-001   3.74490542e-024]\n",
      " [  9.89209310e-001   1.07906901e-002   1.25114624e-017]\n",
      " [  9.95228783e-001   4.77121735e-003   2.45915157e-016]\n",
      " [  1.55454012e-009   9.36009024e-001   6.39909744e-002]\n",
      " [  5.54990969e-006   9.99994005e-001   4.44831402e-007]\n",
      " [  5.71421232e-001   1.07955541e-001   3.20623226e-001]\n",
      " [  9.78759170e-001   2.12408303e-002   1.91758312e-011]\n",
      " [  9.88976459e-001   1.10235408e-002   4.86008392e-013]\n",
      " [  4.73242223e-049   1.00000000e+000   9.49980725e-094]\n",
      " [  9.70231216e-001   2.97687835e-002   4.84748725e-012]\n",
      " [  3.09491029e-013   1.00000000e+000   3.19952209e-015]\n",
      " [  1.84690220e-037   1.00000000e+000   3.22798438e-062]\n",
      " [  9.55646339e-001   4.43536608e-002   8.70370671e-011]\n",
      " [  9.91284178e-001   8.71582153e-003   1.25577498e-032]\n",
      " [  1.12287481e-012   1.00000000e+000   4.32559981e-012]\n",
      " [  9.97913627e-001   2.08637281e-003   6.02624753e-020]\n",
      " [  5.49921614e-068   1.00000000e+000   1.36203463e-111]\n",
      " [  8.76523882e-001   1.23476117e-001   5.07982704e-010]\n",
      " [  1.31380009e-001   8.68619892e-001   9.88555046e-008]\n",
      " [  9.92824347e-001   7.17565272e-003   3.25420936e-021]\n",
      " [  8.73953101e-029   1.00000000e+000   6.55451540e-024]\n",
      " [  6.86734646e-001   3.13265354e-001   1.05707221e-015]\n",
      " [  9.99188867e-001   8.11132933e-004   9.01239636e-023]\n",
      " [  9.85195088e-002   9.01480491e-001   5.42136200e-014]\n",
      " [  6.17240075e-002   9.38275992e-001   4.07335827e-029]\n",
      " [  7.64703777e-002   9.23411513e-001   1.18109168e-004]\n",
      " [  9.98651666e-001   1.34833443e-003   5.01724045e-019]\n",
      " [  2.06895357e-001   7.93104643e-001   6.43185781e-030]\n",
      " [  6.37213092e-001   3.62786702e-001   2.06465466e-007]\n",
      " [  5.07131153e-001   4.92867559e-001   1.28738656e-006]\n",
      " [  1.87132255e-006   9.99998129e-001   3.33185028e-014]\n",
      " [  9.94426951e-001   5.57304877e-003   8.50179866e-017]\n",
      " [  8.82738532e-003   9.91152361e-001   2.02539224e-005]\n",
      " [  1.89419640e-008   9.99999970e-001   1.11249814e-008]\n",
      " [  9.97649828e-001   2.35017234e-003   3.67205623e-021]\n",
      " [  7.67723042e-001   2.32143587e-001   1.33371229e-004]\n",
      " [  5.03959834e-005   9.99949604e-001   2.40891883e-019]\n",
      " [  9.92970120e-001   7.02988038e-003   1.85634656e-014]\n",
      " [  9.97236423e-001   2.76357729e-003   2.42824241e-027]\n",
      " [  3.33443220e-003   9.95891130e-001   7.74437865e-004]\n",
      " [  1.04962791e-001   8.95037170e-001   3.90428491e-008]\n",
      " [  6.58383759e-002   9.34161484e-001   1.40291768e-007]\n",
      " [  2.52676101e-042   1.00000000e+000   4.39763957e-062]\n",
      " [  4.67265699e-007   9.99999532e-001   8.21524583e-010]\n",
      " [  6.43218339e-001   3.56781659e-001   1.80952615e-009]\n",
      " [  3.70169549e-019   1.00000000e+000   1.58856324e-018]\n",
      " [  8.89512628e-001   1.10478633e-001   8.73948864e-006]\n",
      " [  9.94215648e-001   5.78435219e-003   6.49463449e-015]\n",
      " [  9.90170779e-001   9.82922099e-003   2.52184156e-015]\n",
      " [  9.33775634e-001   6.62243661e-002   2.42551101e-011]\n",
      " [  2.21661577e-003   9.97735039e-001   4.83456806e-005]\n",
      " [  9.83271558e-001   1.67284424e-002   1.25858379e-013]\n",
      " [  9.03827759e-001   9.61722411e-002   6.50112334e-017]\n",
      " [  8.00996738e-001   1.73804744e-001   2.51985185e-002]\n",
      " [  9.77793666e-001   2.22063337e-002   8.24603768e-018]\n",
      " [  9.25425143e-001   7.45748572e-002   5.28649160e-028]\n",
      " [  4.46314303e-001   5.10998102e-001   4.26875948e-002]\n",
      " [  9.97053842e-001   2.94615760e-003   1.84108663e-017]\n",
      " [  3.42910704e-054   1.00000000e+000   1.75653396e-114]\n",
      " [  1.02716537e-003   9.98967136e-001   5.69893070e-006]\n",
      " [  9.41508815e-001   5.84911851e-002   1.05684376e-013]\n",
      " [  9.62547939e-001   3.74520611e-002   1.24307561e-016]\n",
      " [  8.25883018e-001   1.74116982e-001   3.95238611e-029]\n",
      " [  2.61873122e-003   9.97381269e-001   4.35564270e-019]\n",
      " [  5.07928336e-001   1.28293420e-001   3.63778243e-001]\n",
      " [  9.90021409e-001   9.97859058e-003   1.84862635e-021]\n",
      " [  1.50763458e-001   8.49236214e-001   3.28397297e-007]\n",
      " [  9.93389070e-001   6.61093043e-003   3.86991343e-017]\n",
      " [  9.37957719e-008   5.22271865e-001   4.77728041e-001]\n",
      " [  9.82243456e-001   1.77565440e-002   1.08662604e-017]\n",
      " [  1.04165220e-014   1.00000000e+000   1.61931290e-016]\n",
